I
1130 Generated by WorldEditor 2.3.1r1

1   1652 0 0 LJBL Lesce - Bled
1302 city Bled
1302 country Slovenia
1302 datum_lat 46.356313889
1302 datum_lon 14.174455556
1302 faa_code 
1302 gui_label 3D
1302 iata_code 
1302 icao_code LJBL
1302 region_code LJ
1302 state Bled
1302 transition_alt 
1302 transition_level 
100 23.00 1 0 0.25 0 0 0 14  46.36042211  014.17016549  175    0 1 0 0 0 32  46.35221682  014.17886930    0    0 1 0 0 0
100 30.00 3 0 0.40 0 0 0 14L  46.36005305  014.17118470    0    0 0 0 0 0 32R  46.35561947  014.17588811    0    0 0 0 0 0
110 1 0.20 -130.0000 New Taxiway 8
112  46.36019571  014.17346654  46.36018620  014.17348390
111  46.36019571  014.17346654
112  46.36019571  014.17346654  46.36018620  014.17348390 1
112  46.36020019  014.17352291  46.36021218  014.17353668
111  46.36020019  014.17352291
112  46.36020019  014.17352291  46.36021218  014.17353668 1
112  46.36023910  014.17351641  46.36024860  014.17349904
111  46.36023910  014.17351641
112  46.36023910  014.17351641  46.36024860  014.17349904 1
112  46.36023461  014.17346004  46.36022263  014.17344627
111  46.36023461  014.17346004
114  46.36023461  014.17346004  46.36022263  014.17344627 1
110 1 0.25 143.8000 New Taxiway 4
111  46.35225558  014.17894598
111  46.35227796  014.17899025
111  46.35244841  014.17917182
111  46.35256662  014.17904649
113  46.35272264  014.17844615
110 1 0.25 143.8000 New Taxiway 7
111  46.36022840  014.17051793
112  46.36032052  014.17050075  46.36033049  014.17049996
112  46.36036927  014.17050197  46.36038088  014.17050316
112  46.36043411  014.17051335  46.36044755  014.17051739
112  46.36049697  014.17055745  46.36050631  014.17057596
112  46.36068423  014.17092810  46.36069119  014.17094155
112  46.36070159  014.17100662  46.36070282  014.17101809
112  46.36070522  014.17106095  46.36070494  014.17107420
112  46.36069752  014.17112447  46.36069424  014.17113971
112  46.36066614  014.17119391  46.36065398  014.17120657
112  46.35568944  014.17647734  46.35568214  014.17648530
112  46.35564375  014.17649301  46.35563617  014.17649386
112  46.35560087  014.17648760  46.35558949  014.17648279
112  46.35555376  014.17644432  46.35554888  014.17643510
112  46.35536702  014.17607408  46.35535792  014.17605528
112  46.35533389  014.17597421  46.35533102  014.17595720
112  46.35532688  014.17590251  46.35532647  014.17588570
112  46.35532872  014.17584861  46.35532941  014.17583417
112  46.35533537  014.17578156  46.35533728  014.17576791
111  46.35535540  014.17568224
111  46.35501864  014.17604671
112  46.35509100  014.17603294  46.35509999  014.17603228
112  46.35513668  014.17603005  46.35514567  014.17603038
112  46.35519139  014.17603610  46.35520093  014.17603871
112  46.35524259  014.17607056  46.35524947  014.17608456
112  46.35546490  014.17651128  46.35547097  014.17652337
112  46.35552349  014.17660151  46.35553529  014.17661319
112  46.35557584  014.17663974  46.35558921  014.17664487
112  46.35562012  014.17665177  46.35563192  014.17665263
112  46.35567189  014.17664919  46.35568526  014.17664463
112  46.35574058  014.17660085  46.35575788  014.17658262
112  46.35980270  014.17228812  46.35981253  014.17227744
112  46.35983705  014.17226507  46.35984415  014.17226231
112  46.35986038  014.17226214  46.35986762  014.17226312
112  46.35988786  014.17227155  46.35989332  014.17227432
112  46.35991685  014.17229775  46.35992409  014.17231199
111  46.36037446  014.17320956
111  46.36045417  014.17312517
112  46.36002630  014.17227202  46.36001907  014.17225857
112  46.36000042  014.17219660  46.35999735  014.17218461
112  46.35998916  014.17214089  46.35998792  014.17212377
112  46.35999853  014.17208012  46.36000841  014.17206982
112  46.36008140  014.17199215  46.36008993  014.17198259
112  46.36011233  014.17197655  46.36011893  014.17197556
112  46.36014231  014.17197677  46.36015084  014.17197908
112  46.36017376  014.17199640  46.36018059  014.17200522
111  46.36028026  014.17213921
112  46.36052920  014.17188132  46.36053621  014.17187404
112  46.36056515  014.17185408  46.36057140  014.17185051
112  46.36059770  014.17185721  46.36060396  014.17186765
111  46.36095791  014.17242745
111  46.36103103  014.17233126
112  46.36066379  014.17175010  46.36065137  014.17173072
112  46.36058218  014.17160035  46.36057856  014.17159110
112  46.36057109  014.17155134  46.36057014  014.17153650
112  46.36057207  014.17150257  46.36057292  014.17149296
112  46.36058349  014.17145924  46.36059088  014.17145114
112  46.36073169  014.17130177  46.36074782  014.17128451
112  46.36079306  014.17117015  46.36080239  014.17113668
112  46.36081117  014.17104747  46.36081287  014.17101104
112  46.36079051  014.17089580  46.36077331  014.17086210
113  46.36046432  014.17024897
110 2 0.15 143.8000 New Taxiway 12
111  46.36078263  014.17118313
111  46.36083172  014.17119445
111  46.36084732  014.17106074
113  46.36080280  014.17105357
110 2 0.15 -130.0000 New Taxiway 14
111  46.36065818  014.17285389
111  46.36014608  014.17347993
111  46.36025526  014.17366672
113  46.36077104  014.17303483
110 2 0.15 -310.0000 New Taxiway 13
111  46.36139959  014.17232072
111  46.36124034  014.17205415
111  46.36094617  014.17243999
113  46.36110405  014.17270601
110 2 0.15 143.8000 New Taxiway 21
111  46.35867575  014.17347532
111  46.35870132  014.17352691
111  46.35876976  014.17345569
113  46.35874418  014.17340410
110 3 0.35 143.8000 New Taxiway 1
111  46.35520274  014.17579986
111  46.35561606  014.17662119
111  46.35925287  014.17282420
111  46.35989218  014.17382220
111  46.36016911  014.17348190
111  46.36064703  014.17288190
111  46.36096185  014.17247845
111  46.36122906  014.17207084
111  46.36126331  014.17202672
111  46.36108487  014.17172021
111  46.36129236  014.17154808
111  46.36127598  014.17150903
111  46.36125575  014.17146222
111  46.36155124  014.17121129
111  46.36157460  014.17126903
111  46.36166594  014.17119265
111  46.36213506  014.17078048
111  46.36199752  014.17040132
111  46.36165199  014.16958224
111  46.36136684  014.16901594
113  46.36036097  014.17004450
130 Airport Boundary 1
111  46.36208224  014.17033695
111  46.36130649  014.16870595
111  46.35171806  014.17870467
111  46.35216344  014.17973071
111  46.35282784  014.17914365
111  46.35326105  014.18033962
111  46.35391291  014.18118213
111  46.35871794  014.17393330
111  46.35905029  014.17440749
111  46.35941060  014.17455969
111  46.36032548  014.17580031
111  46.36202824  014.17255459
111  46.36207366  014.17133958
113  46.36239055  014.17097889
120 Linear Feature 9
112  46.35996696  014.17228145  46.35995863  014.17226520 10
112  46.35993354  014.17223443  46.35992051  014.17222140 10
112  46.35989873  014.17220851  46.35988845  014.17220346 10
112  46.35986937  014.17219948  46.35985917  014.17219801 10
112  46.35984285  014.17219938  46.35983415  014.17220015 10
112  46.35980929  014.17220879  46.35980175  014.17221202 10
116  46.35977617  014.17223002  46.35976814  014.17223868
120 Linear Feature 8
112  46.35998966  014.17200340  46.35997884  014.17201488 10
112  46.35995863  014.17206419  46.35995366  014.17207896 10
112  46.35994599  014.17211373  46.35994230  014.17213237 10
112  46.35994204  014.17217100  46.35994217  014.17219057 10
112  46.35994851  014.17222677  46.35995132  014.17224117 10
112  46.35996699  014.17228138  46.35997897  014.17230556 10
115  46.36041324  014.17316846
120 Linear Feature 7
112  46.36054944  014.17167213  46.36054071  014.17165806 10
112  46.36050463  014.17162130  46.36049560  014.17161360 10
112  46.36047578  014.17160138  46.36046511  014.17159636 10
112  46.36044354  014.17159240  46.36043271  014.17159080 10
112  46.36040738  014.17159052  46.36039729  014.17159079 10
116  46.36035828  014.17161227  46.36034214  014.17162950
120 Linear Feature 6
112  46.36058392  014.17137283  46.36057606  014.17138124 10
112  46.36054798  014.17144591  46.36054225  014.17146130 10
112  46.36053250  014.17150855  46.36053005  014.17152948 10
112  46.36053020  014.17157375  46.36053086  014.17159055 10
112  46.36054948  014.17167204  46.36056431  014.17169718 10
111  46.36065812  014.17185541 10
115  46.36099248  014.17238190
120 Linear Feature 5
112  46.35521215  014.17590170  46.35520525  014.17588795 10
112  46.35517371  014.17586162  46.35516194  014.17585541 10
112  46.35514109  014.17584975  46.35513122  014.17584780 10
112  46.35510799  014.17584633  46.35509713  014.17584633 10
112  46.35506612  014.17585958  46.35505629  014.17587018 10
115  46.35484104  014.17609842
120 Linear Feature 4
111  46.36013541  014.17048218 10
112  46.36027513  014.17033412  46.36028578  014.17032299 10
112  46.36033578  014.17031179  46.36035091  014.17031091 10
112  46.36038969  014.17031751  46.36040406  014.17032305 10
112  46.36043286  014.17034227  46.36044326  014.17035179 10
112  46.36047439  014.17039880  46.36048555  014.17042118 10
115  46.36071926  014.17088083
120 Linear Feature 4
112  46.36072608  014.17089440  46.36073581  014.17091353 10
112  46.36074976  014.17096868  46.36075312  014.17099106 10
112  46.36075706  014.17104520  46.36075744  014.17106736 10
112  46.36075211  014.17111759  46.36074918  014.17113661 10
112  46.36073357  014.17119084  46.36072720  014.17120912 10
112  46.36069597  014.17125397  46.36068022  014.17127081 10
112  46.35570023  014.17655478  46.35568678  014.17656874 10
112  46.35565139  014.17657660  46.35563732  014.17657838 10
112  46.35560696  014.17657963  46.35559551  014.17657915 10
112  46.35557367  014.17657189  46.35556307  014.17656668 10
112  46.35554526  014.17654607  46.35553444  014.17653278 10
116  46.35550242  014.17647019  46.35549424  014.17645373
120 Linear Feature 4
111  46.35549652  014.17645833 10
112  46.35521213  014.17590172  46.35520449  014.17588618 10
112  46.35519945  014.17581374  46.35519899  014.17579136 10
112  46.35520409  014.17574874  46.35520731  014.17572902 10
112  46.35522695  014.17568897  46.35523801  014.17567722 10
115  46.35547220  014.17542896
120 Linear Feature 6
111  46.35278389  014.17828066 10
112  46.35268423  014.17838629  46.35267313  014.17839824 10
112  46.35266121  014.17844567  46.35265597  014.17846560 10
112  46.35254357  014.17890460  46.35253522  014.17893783 10
112  46.35249820  014.17899603  46.35247903  014.17901525 10
112  46.35243511  014.17901837  46.35241758  014.17901813 10
112  46.35234681  014.17896683  46.35233202  014.17893848 10
115  46.35229339  014.17886433
120 Linear Feature 2
111  46.35546152  014.17650455 4
115  46.35554083  014.17641894
120 Linear Feature 1
111  46.36068434  014.17092776 4
115  46.36076392  014.17084330
20  46.36151384  014.17131879 58.8400 0 3 {@Y}C
14  46.36154869  014.17134487  39.37 0 New Tower Viewpoint 27
1300  46.36123990  014.17214452 -220.00 misc turboprops|props Aeroclub hangar
1301 A none 
1300  46.36064822  014.17299687 -220.00 misc turboprops|props FlyCom hangar
1301 A none 
1300  46.36068748  014.17222248 -40.00 misc props Grass apron 1
1301 A none 
1300  46.36028939  014.17250536 144.00 misc props Grass apron 2
1301 A none 
1300  46.36037519  014.17268040 144.00 misc props Grass apron 3
1301 A none 
1300  46.35991880  014.17264738 324.00 misc props Grass apron 4
1301 A none 
1300  46.36009494  014.17299209 324.00 misc props Grass apron 5
1301 A none 
1300  46.36130300  014.16998924 143.79 misc props Tow parking 1
1301 A none 
1300  46.36139576  014.17016863 143.79 misc props Tow parking 2
1301 A none 
1300  46.36127251  014.17123163 328.84 misc props Tow parking 3
1301 A none 
19  46.35886035  014.17393160 0 WDI
1051 122505 Lesce Bled Aerodrome
99
